8
1 2 3
2 1 4 5
3 1 6 7
4 2 8
5 2 6
6 3 5
7 3 8
8 4 7 5
10
1 2 5 9
2 3
3 4
4 2 5
5 6
6 7
7 8
8 5
9 10
10 1

4
1 2 3
2 4
3 4
4

4
1 2
2 3
3 4
4 1

20
1 2 8 15
2 3 4 5 6 7 8 9 10
3 4 7 10 19 20
4 5 
5 6
6 7 2
7 20
8 9
9 10
10 11 12
11 8
12 13
13 14
14 20
15 16
16 17
17 18 16
18 19
19 20
20 1

24
1 2 3 4
2 5 6
3 7
4 8 9
5 10
6 11 12
7 13 14
8 15
9
10 16
11
12 17
13
14 18
15 19
16 20
17 21
18
19 22
20 23
21
22
23 24
24

15
1 2 3 4 11 12 13
2 3 4 10 11 12
3 2 3 4 9 10 11
4 2 3 4 8 9 10
5 2 3 4 7 8 9
6 2 3 4 6 7 8
7 2 3 4 5 6 7
8 2 3 4 5 6
9 2 3 4 5 6 7
10 2 3 4 6 7 8
11 2 3 4 7 8 9
12 2 3 4 8 9 10
13 2 3 4 9 10 11
14 2 3 4 10 11 12
15 2 3 4 11 12 13

30
1 2 4
2 1 3 5
3 2 4 6
4 1 3 5 7
5 2 4 6 8
6 3 5 7 9
7 4 6 8 10
8 5 7 9 11
9 6 8 10 12
10 7 9 11 13
11 8 10 12 14
12 9 11 13 15
13 10 12 14 16
14 11 13 15 17
15 12 14 16 18
16 13 15 17 19
17 14 16 18 20
18 15 17 19 21
19 16 18 20 22
20 17 19 21 23
21 18 20 22 24
22 19 21 23 25
23 20 22 24 26
24 21 23 25 27
25 22 24 26 28
26 23 25 27 29
27 24 26 28 30
28 25 27 29
29 26 28 30
30 27 29
